v1 <- c(1,2,3,4,5,6,7,8,9,10)
v1

v2 <- c('Hello', 'World', 1, 2 ,3.4)
v2
v1/4

rep(5,4)